docs/data/sbe25.cnv
* Sea-Bird SBE25 Data File:
* FileName = C:\Documents and Settings\maribel\Escritorio\PUDEM\CTD\Pudem\Data\Cast SBE-25 Pudem 171\PU171000.hex
* Software Version 1.59
* Temperature SN = 031485
* Conductivity SN = 041189
* System UpLoad Time = Mar 18 2019 10:37:17
** ITXASBIDE
** PUDEM 171
** NINA
** 1.5
** 41 20.121
** 02 16.168
** 80
** 9:29
# nquan = 9
# nvalues = 13660                                 
# units = specified
# name 0 = scan: Scan Count
# name 1 = timeS: Time, Elapsed [seconds]
# name 2 = prSM: Pressure, Strain Gauge [db]
# name 3 = t090C: Temperature [ITS-90, deg C]
# name 4 = sal00: Salinity, Practical [PSU]
# name 5 = seaTurbMtr: OBS, Seapoint Turbidity [FTU]
# name 6 = wetStar: Fluorescence, Wetlab Wetstar [mg/m^3]
# name 7 = c0mS/cm: Conductivity [mS/cm]
# name 8 = flag:  0.000e+00
# span 0 =          1,      13660                 
# span 1 =      0.000,   1707.375                 
# span 2 =     -0.084,     79.507                 
# span 3 =    13.2769,    15.2674                 
# span 4 =     0.0000,    39.6283                 
# span 5 =      0.000,     24.042                 
# span 6 =    -0.4620,    29.1424                 
# span 7 =  -0.000434,  46.592883                 
# span 8 = 0.0000e+00, 0.0000e+00                 
# interval = seconds: 0.125
# start_time = Mar 15 2019 08:26:35
# bad_flag = -9.990e-29
*END*
          1      0.000      0.204    14.4873     0.0000      0.000    -0.4620  -0.000100  0.000e+00
          2      0.125      0.204    14.4877     0.0000      0.000    -0.4620  -0.000192  0.000e+00
          3      0.250      0.204    14.4883     0.0000      0.000    -0.4620  -0.000031  0.000e+00
          4      0.375      0.204    14.4907     0.0000      0.000    -0.4620  -0.000031  0.000e+00
          5      0.500      0.204    14.4937     0.0077      0.000    -0.4620   0.000004  0.000e+00
          6      0.625      0.204    14.4952     0.0000      0.000    -0.4620  -0.000031  0.000e+00
          7      0.750      0.204    14.4960     0.0077      0.000    -0.4620   0.000004  0.000e+00
          8      0.875      0.204    14.4956     0.0000      0.000    -0.4620  -0.000031  0.000e+00
          9      1.000      0.204    14.4956     0.0000      0.000    -0.4620  -0.000123  0.000e+00
         10      1.125      0.108    14.4963     0.0000      0.000    -0.4620  -0.000065  0.000e+00
         11      1.250      0.204    14.4978     0.0000      0.000    -0.4620  -0.000065  0.000e+00
         12      1.375      0.204    14.4999     0.0000      0.000    -0.4620  -0.000088  0.000e+00
         13      1.500      0.204    14.5014     0.0000      0.000    -0.4620  -0.000088  0.000e+00
         14      1.625      0.204    14.5048     0.0000      0.000    -0.4620  -0.000065  0.000e+00
         15      1.750      0.204    14.5111     0.0000      0.000    -0.4620  -0.000088  0.000e+00
         16      1.875      0.204    14.5204     0.0000      0.000    -0.4620  -0.000088  0.000e+00
         17      2.000      0.204    14.5261     0.0000      0.000    -0.4620  -0.000065  0.000e+00
         18      2.125      0.204    14.5298     0.0000      0.000    -0.4620  -0.000157  0.000e+00
         19      2.250      0.204    14.5321     0.0000      0.000    -0.4620  -0.000192  0.000e+00
         20      2.375      0.204    14.5338     0.0000      0.000    -0.4620  -0.000031  0.000e+00
         21      2.500      0.204    14.5347     0.0000      0.000    -0.4620  -0.000180  0.000e+00
         22      2.625      0.204    14.5357     0.0000      0.000    -0.4620  -0.000065  0.000e+00
         23      2.750      0.204    14.5357     0.0000      0.000    -0.4620  -0.000123  0.000e+00
         24      2.875      0.204    14.5357     0.0077      0.000    -0.4620   0.000004  0.000e+00
         25      3.000      0.204    14.5364     0.0000      0.000    -0.4620  -0.000123  0.000e+00
         26      3.125      0.204    14.5370     0.0000      0.000    -0.4620  -0.000157  0.000e+00
         27      3.250      0.204    14.5498     0.0000      0.000    -0.4620  -0.000123  0.000e+00
         28      3.375      0.204    14.5728     0.0000      0.000    -0.4620  -0.000157  0.000e+00
         29      3.500      0.204    14.5965     0.0000      0.000    -0.4620  -0.000065  0.000e+00
         30      3.625      0.204    14.6063     0.0000      0.000    -0.4620  -0.000123  0.000e+00
         31      3.750      0.204    14.6128     0.0000      0.000    -0.4620  -0.000123  0.000e+00
         32      3.875      0.204    14.6194     0.0000      0.000    -0.4620  -0.000065  0.000e+00
         33      4.000      0.204    14.6234     0.0000      0.000    -0.4620  -0.000123  0.000e+00
         34      4.125      0.204    14.6256     0.0000      0.000    -0.4620  -0.000088  0.000e+00
         35      4.250      0.204    14.6275     0.0000      0.000    -0.4620  -0.000157  0.000e+00
         36      4.375      0.204    14.6284     0.0000      0.000    -0.4620  -0.000157  0.000e+00
         37      4.500      0.204    14.6316     0.0000      0.000    -0.4620  -0.000123  0.000e+00
         38      4.625      0.204    14.6416     0.0000      0.000    -0.4620  -0.000123  0.000e+00
         39      4.750      0.204    14.6527     0.0078      0.000    -0.4620   0.000004  0.000e+00
         40      4.875      0.204    14.6794     0.0000      0.000    -0.4620  -0.000123  0.000e+00
         41      5.000      0.204    14.7160     0.0000      0.000    -0.4620  -0.000215  0.000e+00
         42      5.125      0.204    14.7514     0.0000      0.000    -0.4620  -0.000157  0.000e+00
         43      5.250      0.204    14.7871     0.0000      0.000    -0.4620  -0.000157  0.000e+00
         44      5.375      0.204    14.8214     0.0000      0.000    -0.4620  -0.000157  0.000e+00
         45      5.500      0.204    14.8564     0.0000      0.000    -0.4620  -0.000065  0.000e+00
         46      5.625      0.204    14.8902     0.0000      0.000    -0.4620  -0.000123  0.000e+00
         47      5.750      0.204    14.9235     0.0000      0.000    -0.4620  -0.000088  0.000e+00
         48      5.875      0.204    14.9588     0.0000      0.000    -0.4620  -0.000157  0.000e+00
         49      6.000      0.204    14.9930     0.0000      0.000    -0.4620  -0.000123  0.000e+00
         50      6.125      0.204    15.0247     0.0000      0.000    -0.4620  -0.000123  0.000e+00
         51      6.250     -0.084    15.0520     0.0000      0.000    -0.4620  -0.000157  0.000e+00
         52      6.375      0.300    15.0730     0.0000      0.000    -0.4620  -0.000123  0.000e+00
         53      6.500      0.204    15.0843     0.0000      0.000    -0.4620  -0.000157  0.000e+00
         54      6.625      0.204    15.0929     0.0000      0.000    -0.4620  -0.000123  0.000e+00
         55      6.750      0.204    15.1043     0.0000      0.000    -0.4620  -0.000088  0.000e+00
         56      6.875      0.204    15.1284     0.0000      0.000    -0.4620  -0.000065  0.000e+00
         57      7.000      0.204    15.1597     0.0000      0.000    -0.4620  -0.000088  0.000e+00
         58      7.125      0.204    15.1958     0.0000      0.000    -0.4620  -0.000123  0.000e+00
         59      7.250      0.204    15.2314     0.0000      0.000    -0.4620  -0.000065  0.000e+00
         60      7.375      0.204    15.2581     0.0000      0.000    -0.4620  -0.000192  0.000e+00
         61      7.500      0.204    15.2600     0.0000      0.000    -0.4620  -0.000157  0.000e+00
         62      7.625      0.204    15.2581     0.0000      0.000    -0.4620  -0.000031  0.000e+00
         63      7.750      0.204    15.2597     0.0000      0.000    -0.4620  -0.000180  0.000e+00
         64      7.875      0.204    15.2633     0.0000      0.000    -0.4620  -0.000123  0.000e+00
         65      8.000      0.204    15.2642     0.0000      0.000    -0.4620  -0.000123  0.000e+00
         66      8.125      0.108    15.2665     0.0000      0.000    -0.4620  -0.000180  0.000e+00
         67      8.250      0.300    15.2674     0.0000      0.000    -0.4620  -0.000123  0.000e+00
         68      8.375      0.204    15.2619     0.0000      0.000    -0.4620  -0.000157  0.000e+00
         69      8.500      0.300    15.2302     0.0000      0.000    -0.4620  -0.000434  0.000e+00
         70      8.625      0.300    15.1999     0.0000      0.000    -0.4620  -0.000157  0.000e+00
         71      8.750      0.204    15.1821     0.0000      0.000    -0.4620  -0.000088  0.000e+00
         72      8.875      0.300    15.1647     0.0000      0.000    -0.4620  -0.000123  0.000e+00
         73      9.000      0.204    15.1509     0.0000      0.000    -0.4620  -0.000250  0.000e+00
         74      9.125      0.204    15.1366     0.0000      0.000    -0.4620  -0.000215  0.000e+00
         75      9.250      0.300    15.1145     0.0000      0.000    -0.4620  -0.000157  0.000e+00
         76      9.375      0.204    15.0773     0.0000      0.000    -0.4620  -0.000065  0.000e+00
         77      9.500      0.300    15.0473     0.0000      0.000    -0.4620  -0.000250  0.000e+00
         78      9.625      0.204    15.0296     0.0000      0.000    -0.4620  -0.000180  0.000e+00
         79      9.750      0.300    15.0140     0.0000      0.000    -0.4620  -0.000180  0.000e+00
         80      9.875      0.204    14.9996     0.0000      0.000    -0.4620  -0.000088  0.000e+00
         81     10.000      0.204    14.9855     0.0000      0.000    -0.4620  -0.000123  0.000e+00
         82     10.125      0.396    14.9731     0.0000      0.000    -0.4620  -0.000157  0.000e+00
         83     10.250      0.300    14.9537     0.0000      0.000    -0.4620  -0.000215  0.000e+00
         84     10.375      0.108    14.9375     0.0000      0.000    -0.4620  -0.000365  0.000e+00
         85     10.500      0.300    14.9243     0.0000      0.000    -0.4620  -0.000284  0.000e+00
         86     10.625      0.204    14.9103     0.0000      0.000    -0.4620  -0.000227  0.000e+00
         87     10.750      0.300    14.8955     0.0000      0.000    -0.4620  -0.000180  0.000e+00
         88     10.875      0.300    14.8809     0.0000      0.000    -0.4620  -0.000088  0.000e+00
         89     11.000      0.108    14.8662     0.0000      0.000    -0.4620  -0.000180  0.000e+00
         90     11.125      0.204    14.8511     0.0000      0.000    -0.4620  -0.000273  0.000e+00
         91     11.250      0.300    14.8368     0.0000      0.000    -0.4620  -0.000088  0.000e+00
         92     11.375      0.012    14.8220     0.0000      0.000    -0.4620  -0.000088  0.000e+00
         93     11.500      0.204    14.8048     0.0000      0.000    -0.4620  -0.000157  0.000e+00
         94     11.625      0.204    14.7866     0.0000      0.000    -0.4620  -0.000250  0.000e+00
         95     11.750      0.108    14.7689     0.0000      0.000    -0.4620  -0.000100  0.000e+00
         96     11.875      0.300    14.7520     0.0000      0.000    -0.4620  -0.000157  0.000e+00
         97     12.000      0.204    14.7336     0.0000      0.000    -0.4620  -0.000065  0.000e+00
         98     12.125      0.204    14.7148     0.0000      0.000    -0.4620  -0.000157  0.000e+00
         99     12.250      0.204    14.6944     0.0000      0.000    -0.4620  -0.000180  0.000e+00
        100     12.375      0.204    14.6764     0.0000      0.000    -0.4620  -0.000123  0.000e+00
        101     12.500      0.204    14.6576     0.0000      0.000    -0.4620  -0.000215  0.000e+00
        102     12.625      0.204    14.6388     0.0000      0.000    -0.4620  -0.000100  0.000e+00
        103     12.750      0.204    14.6230     0.0000      0.000    -0.4620  -0.000319  0.000e+00
        104     12.875      0.204    14.6080     0.0000      0.000    -0.4620  -0.000250  0.000e+00
        105     13.000      0.204    14.5929     0.0000      0.000    -0.4620  -0.000180  0.000e+00
        106     13.125      0.204    14.5796     0.0000      0.000    -0.4620  -0.000088  0.000e+00
        107     13.250      0.204    14.5683     0.0000      0.000    -0.4620  -0.000215  0.000e+00
        108     13.375      0.204    14.5565     0.0000      0.000    -0.4620  -0.000065  0.000e+00
        109     13.500      0.204    14.5441     0.0000      0.000    -0.4620  -0.000157  0.000e+00
        110     13.625      0.204    14.5304     0.0000      0.000    -0.4620  -0.000180  0.000e+00
        111     13.750      0.204    14.5193     0.0000      0.000    -0.4620  -0.000123  0.000e+00
        112     13.875      0.204    14.5072     0.0000      0.000    -0.4620  -0.000157  0.000e+00
        113     14.000      0.204    14.4937     0.0000      0.000    -0.4620  -0.000180  0.000e+00
        114     14.125      0.204    14.4811     0.0000      0.000    -0.4620  -0.000157  0.000e+00
        115     14.250      0.204    14.4679     0.0000      0.000    -0.4620  -0.000215  0.000e+00
        116     14.375      0.204    14.4567     0.0000      0.000    -0.4620  -0.000123  0.000e+00
        117     14.500      0.204    14.4461     0.0000      0.000    -0.4620  -0.000157  0.000e+00
        118     14.625      0.204    14.4351     0.0000      0.000    -0.4620  -0.000273  0.000e+00
        119     14.750      0.204    14.4236     0.0000      0.000    -0.4620  -0.000273  0.000e+00
        120     14.875      0.204    14.4095     0.0000      0.000    -0.4620  -0.000227  0.000e+00
        121     15.000      0.204    14.3981     0.0000      0.000    -0.4620  -0.000157  0.000e+00
        122     15.125      0.204    14.3866     0.0000      0.000    -0.4620  -0.000088  0.000e+00
        123     15.250      0.204    14.3770     0.0000      0.000    -0.4620  -0.000157  0.000e+00
        124     15.375      0.204    14.3662     0.0000      0.000    -0.4620  -0.000180  0.000e+00
        125     15.500      0.204    14.3563     0.0000      0.000    -0.4620  -0.000157  0.000e+00
        126     15.625      0.204    14.3463     0.0000      0.000    -0.4620  -0.000180  0.000e+00
        127     15.750      0.108    14.3377     0.0000      0.000    -0.4620  -0.000215  0.000e+00
        128     15.875      0.204    14.3291     0.0000      0.000    -0.4620  -0.000227  0.000e+00
        129     16.000      0.108    14.3195     0.0000      0.000    -0.4620  -0.000227  0.000e+00
        130     16.125      0.204    14.3104     0.0000      0.000    -0.4620  -0.000180  0.000e+00
        131     16.250      0.108    14.3006     0.0000      0.000    -0.4620  -0.000250  0.000e+00
        132     16.375      0.204    14.2899     0.0000      0.000    -0.4620  -0.000123  0.000e+00
        133     16.500      0.108    14.2835     0.0000      0.000    -0.4620  -0.000215  0.000e+00
        134     16.625      0.108    14.2795     0.0000      0.000    -0.4620  -0.000180  0.000e+00
        135     16.750      0.204    14.2769     0.0000      0.000    -0.4620  -0.000157  0.000e+00
        136     16.875      0.108    14.2741     0.0000      0.000    -0.4620  -0.000250  0.000e+00
        137     17.000      0.108    14.2715     0.0000      0.000    -0.4620  -0.000192  0.000e+00
        138     17.125      0.204    14.2694     0.0000      0.000    -0.4620  -0.000215  0.000e+00
        139     17.250      0.204    14.2615     0.0000      0.000    -0.4620  -0.000215  0.000e+00
        140     17.375      0.204    14.2493     0.0000      0.000    -0.4620  -0.000123  0.000e+00
        141     17.500      0.204    14.2386     0.0000      0.000    -0.4620  -0.000088  0.000e+00
        142     17.625      0.108    14.2296     0.0000      0.000    -0.4620  -0.000180  0.000e+00
        143     17.750      0.204    14.2157     0.0000      0.000    -0.4620  -0.000215  0.000e+00
        144     17.875      0.204    14.1978     0.0000      0.000    -0.4620  -0.000273  0.000e+00
        145     18.000      0.204    14.1775     0.0000      0.000    -0.4620  -0.000342  0.000e+00
        146     18.125      0.204    14.1693     0.0000      0.000    -0.4620  -0.000284  0.000e+00
        147     18.250      0.204    14.1533     0.0000      0.000    -0.4620  -0.000065  0.000e+00
        148     18.375      0.204    14.1480     0.0000      0.000    -0.4620  -0.000180  0.000e+00
        149     18.500      0.204    14.1449     0.0000      0.000    -0.4620  -0.000250  0.000e+00
        150     18.625      0.204    14.1346     0.0000      0.000    -0.4620  -0.000215  0.000e+00
        151     18.750      0.108    14.1248     0.0000      0.000    -0.4620  -0.000180  0.000e+00
        152     18.875      0.108    14.1189     0.0000      0.000    -0.4620  -0.000250  0.000e+00
        153     19.000      0.108    14.1079     0.0000      0.000    -0.4620  -0.000180  0.000e+00
        154     19.125      0.108    14.0950     0.0000      0.000    -0.4620  -0.000250  0.000e+00
        155     19.250      0.204    14.0869     0.0000      0.000    -0.4620  -0.000157  0.000e+00
        156     19.375      0.204    14.0822     0.0000      0.000    -0.4620  -0.000157  0.000e+00
        157     19.500      0.204    14.0755     0.0000      0.000    -0.4620  -0.000180  0.000e+00
        158     19.625      0.204    14.0648     0.0000      0.000    -0.4620  -0.000215  0.000e+00
        159     19.750      0.108    14.0515     0.0000      0.000    -0.4620  -0.000215  0.000e+00
        160     19.875      0.204    14.0337     0.0000      0.000    -0.4620  -0.000215  0.000e+00
