docs/data/sbe25.cnv
* Sea-Bird SBE25 Data File:
* FileName = C:\Documents and Settings\maribel\Escritorio\PUDEM\CTD\Pudem\Data\Cast SBE-25 Pudem 171\PU171000.hex
* Software Version 1.59
* Temperature SN = 031485
* Conductivity SN = 041189
* System UpLoad Time = Mar 18 2019 10:37:17
** ITXASBIDE
** PUDEM 171
** NINA
** 1.5
** 41 20.121
** 02 16.168
** 80
** 9:29
# nquan = 9
# nvalues = 13660                                 
# units = specified
# name 0 = scan: Scan Count
# name 1 = timeS: Time, Elapsed [seconds]
# name 2 = prSM: Pressure, Strain Gauge [db]
# name 3 = t090C: Temperature [ITS-90, deg C]
# name 4 = sal00: Salinity, Practical [PSU]
# name 5 = seaTurbMtr: OBS, Seapoint Turbidity [FTU]
# name 6 = wetStar: Fluorescence, Wetlab Wetstar [mg/m^3]
# name 7 = c0mS/cm: Conductivity [mS/cm]
# name 8 = flag:  0.000e+00
# span 0 =          1,      13660                 
# span 1 =      0.000,   1707.375                 
# span 2 =     -0.084,     79.507                 
# span 3 =    13.2769,    15.2674                 
# span 4 =     0.0000,    39.6283                 
# span 5 =      0.000,     24.042                 
# span 6 =    -0.4620,    29.1424                 
# span 7 =  -0.000434,  46.592883                 
# span 8 = 0.0000e+00, 0.0000e+00                 
# interval = seconds: 0.125
# start_time = Mar 15 2019 08:26:35
# bad_flag = -9.990e-29
*END*
[from data line 161]
        162     20.125      0.204    14.0133     0.0000      0.000    -0.4620  -0.000123  0.000e+00
        163     20.250      0.204    14.0061     0.0000      0.000    -0.4620  -0.000250  0.000e+00
        164     20.375      0.204    13.9969     0.0000      0.000    -0.4620  -0.000180  0.000e+00
        165     20.500      0.204    13.9867     0.0000      0.000    -0.4620  -0.000180  0.000e+00
        166     20.625      0.204    13.9822     0.0000      0.000    -0.4620  -0.000180  0.000e+00
        167     20.750      0.204    13.9766     0.0000      0.000    -0.4620  -0.000250  0.000e+00
        168     20.875      0.204    13.9661     0.0000      0.000    -0.4620  -0.000307  0.000e+00
        169     21.000      0.108    13.9534     0.0000      0.000    -0.4620  -0.000157  0.000e+00
        170     21.125      0.204    13.9446     0.0000      0.000    -0.4620  -0.000123  0.000e+00
        171     21.250      0.108    13.9354     0.0000      0.000    -0.4620  -0.000192  0.000e+00
        172     21.375      0.204    13.9347     0.0000      0.000    -0.4620  -0.000192  0.000e+00
        173     21.500      0.204    13.9352     0.0000      0.000    -0.4620  -0.000088  0.000e+00
        174     21.625      0.204    13.9354     0.0000      0.000    -0.4620  -0.000123  0.000e+00
        175     21.750      0.204    13.9340     0.0000      0.000    -0.4620  -0.000157  0.000e+00
        176     21.875      0.204    13.9288     0.0000      0.000    -0.4620  -0.000180  0.000e+00
        177     22.000      0.204    13.9188     0.0000      0.000    -0.4620  -0.000180  0.000e+00
        178     22.125      0.204    13.9078     0.0000      0.000    -0.4620  -0.000157  0.000e+00
        179     22.250      0.204    13.9044     0.0000      0.000    -0.4620  -0.000215  0.000e+00
        180     22.375      0.204    13.9021     0.0000      0.000    -0.4620  -0.000227  0.000e+00
        181     22.500      0.204    13.8973     0.0000      0.000    -0.4620  -0.000192  0.000e+00
        182     22.625      0.204    13.8918     0.0000      0.000    -0.4620  -0.000180  0.000e+00
        183     22.750      0.204    13.8888     0.0000      0.000    -0.4620  -0.000250  0.000e+00
        184     22.875      0.108    13.8881     0.0000      0.000    -0.4620  -0.000157  0.000e+00
        185     23.000      0.108    13.8850     0.0000      0.000    -0.4620  -0.000180  0.000e+00
        186     23.125      0.204    13.8810     0.0000      0.000    -0.4620  -0.000123  0.000e+00
        187     23.250      0.204    13.8757     0.0000      0.000    -0.4620  -0.000215  0.000e+00
        188     23.375      0.204    13.8684     0.0000      0.000    -0.4620  -0.000180  0.000e+00
        189     23.500      0.204    13.8648     0.0000      0.000    -0.4620  -0.000250  0.000e+00
        190     23.625      0.108    13.8633     0.0000      0.000    -0.4620  -0.000250  0.000e+00
        191     23.750      0.204    13.8607     0.0000      0.000    -0.4620  -0.000215  0.000e+00
        192     23.875      0.204    13.8559     0.0000      0.000    -0.4620  -0.000215  0.000e+00
        193     24.000      0.108    13.8482     0.0000      0.000    -0.4620  -0.000215  0.000e+00
        194     24.125      0.204    13.8364     0.0000      0.000    -0.4620  -0.000180  0.000e+00
        195     24.250      0.204    13.8261     0.0000      0.000    -0.4620  -0.000215  0.000e+00
        196     24.375      0.108    13.8191     0.0000      0.000    -0.4620  -0.000180  0.000e+00
        197     24.500      0.204    13.8139     0.0000      0.000    -0.4620  -0.000284  0.000e+00
        198     24.625      0.204    13.8085     0.0000      0.000    -0.4620  -0.000319  0.000e+00
        199     24.750      0.204    13.8038     0.0000      0.000    -0.4620  -0.000123  0.000e+00
        200     24.875      0.204    13.7877     0.0000      0.000    -0.4620  -0.000273  0.000e+00
        201     25.000      0.300    13.7838     0.0078      0.000    -0.4620   0.002853  0.000e+00
        202     25.125      0.204    13.7844    29.5115      0.000    -0.4620  35.802342  0.000e+00
        203     25.250      0.204    13.7838    17.9275      0.000    -0.4620  22.768702  0.000e+00
        204     25.375      0.204    13.7791    38.2723      0.000    -0.4620  45.186909  0.000e+00
        205     25.500      0.204    13.7746    37.8546      0.000    -0.4620  44.742554  0.000e+00
        206     25.625      0.204    13.7715    38.2938      0.000    -0.4620  45.201360  0.000e+00
        207     25.750      0.204    13.7705    38.9585      0.000    -0.4620  45.898072  0.000e+00
        208     25.875      0.300    13.7718    38.7364      0.000    -0.4620  45.666628  0.000e+00
        209     26.000      0.204    13.7724    38.7101      0.000    -0.4620  45.639632  0.000e+00
        210     26.125      0.300    13.7731    39.0720      0.000    -0.4620  46.019851  0.000e+00
        211     26.250      0.300    13.7722    38.9754      0.000    -0.4620  45.917656  0.000e+00
        212     26.375      0.300    13.7741    38.8519      0.000    -0.4620  45.790163  0.000e+00
        213     26.500      0.300    13.7748    38.9986      0.000    -0.4620  45.944810  0.000e+00
        214     26.625      0.396    13.7698    39.1416      0.000    -0.4620  46.089257  0.000e+00
        215     26.750      0.587    13.7645    39.2928      0.000    -0.4620  46.242079  0.000e+00
        216     26.875      0.683    13.7639    39.3673      0.000    -0.4620  46.319399  0.000e+00
        217     27.000      0.779    13.7639    39.3964      0.000    -0.4620  46.349909  0.000e+00
        218     27.125      0.875    13.7644    39.5300      0.000    -0.4620  46.490095  0.000e+00
        219     27.250      0.875    13.7644    39.6283      0.000    -0.4620  46.592883  0.000e+00
        220     27.375      0.971    13.7659    39.6085      0.000    -0.4620  46.573865  0.000e+00
        221     27.500      0.971    13.7656    39.0431      0.000    -0.4620  45.981919  0.000e+00
        222     27.625      0.971    13.7651    38.7651      0.000    -0.4620  45.689883  0.000e+00
        223     27.750      0.875    13.7668    39.1712      0.000    -0.4620  46.117321  0.000e+00
        224     27.875      0.971    13.7679    38.9911      0.000    -0.4620  45.929927  0.000e+00
        225     28.000      0.875    13.7671    38.9094      0.000    -0.4620  45.843309  0.000e+00
        226     28.125      0.971    13.7662    38.8607      0.000    -0.4620  45.791351  0.000e+00
        227     28.250      0.971    13.7651    38.8345      0.000    -0.4620  45.762688  0.000e+00
        228     28.375      0.971    13.7649    38.8339      0.000    -0.4620  45.761912  0.000e+00
        229     28.500      0.971    13.7645    38.9818      0.000    -0.4620  45.916474  0.000e+00
        230     28.625      1.067    13.7651    39.3362      0.000    -0.4620  46.288203  0.000e+00
        231     28.750      1.067    13.7647    39.3880      0.000    -0.4620  46.342149  0.000e+00
        232     28.875      1.067    13.7672    39.4014      0.000    -0.4620  46.358781  0.000e+00
        233     29.000      1.067    13.7705    39.4354      0.000    -0.4620  46.397931  0.000e+00
        234     29.125      1.067    13.7726    39.4497      0.000    -0.4620  46.415066  0.000e+00
        235     29.250      1.067    13.7758    39.4445      0.000    -0.4620  46.413134  0.000e+00
        236     29.375      1.067    13.7795    39.3772      0.000    -0.4620  46.346746  0.000e+00
        237     29.500      1.067    13.7827    39.3138      0.000    -0.4620  46.283768  0.000e+00
        238     29.625      1.067    13.7848    39.2350      0.000    -0.4620  46.203523  0.000e+00
        239     29.750      0.971    13.7818    39.2080      0.000    -0.4620  46.171951  0.000e+00
        240     29.875      0.971    13.7848    39.1326      0.000    -0.4620  46.096180  0.000e+00
        241     30.000      0.875    13.7945    39.0737      0.000    -0.4620  46.044822  0.000e+00
        242     30.125      0.971    13.7983    39.0459      0.000    -0.4620  46.019810  0.000e+00
        243     30.250      0.875    13.7962    39.0181      0.000    -0.4620  45.988420  0.000e+00
        244     30.375      0.971    13.7922    38.9997      0.000    -0.4620  45.964854  0.000e+00
        245     30.500      0.971    13.7876    38.9612      0.000    -0.4620  45.919538  0.000e+00
        246     30.625      0.875    13.7833    38.9174      0.000    -0.4620  45.868969  0.000e+00
        247     30.750      0.875    13.7799    38.8636      0.000    -0.4620  45.808910  0.000e+00
        248     30.875      0.875    13.7778    38.7830      0.000    -0.4620  45.722236  0.000e+00
        249     31.000      0.875    13.7765    38.7133      0.000    -0.4620  45.647626  0.000e+00
        250     31.125      0.971    13.7762    38.7028      0.000    -0.4620  45.636250  0.000e+00
        251     31.250      0.971    13.7743    38.9452      0.000    -0.4620  45.888509  0.000e+00
        252     31.375      0.971    13.7733    39.2111      0.000    -0.4620  46.166172  0.000e+00
        253     31.500      0.971    13.7707    39.2915      0.000    -0.4620  46.247495  0.000e+00
        254     31.625      0.971    13.7700    39.2072      0.000    -0.4620  46.158466  0.000e+00
        255     31.750      0.971    13.7743    39.2146      0.000    -0.4620  46.170804  0.000e+00
        256     31.875      1.067    13.7844    39.2075      0.000    -0.4620  46.174247  0.000e+00
        257     32.000      1.067    13.7939    39.1925      0.000    -0.4620  46.168875  0.000e+00
        258     32.125      0.971    13.8025    39.1481      0.000    -0.4620  46.131535  0.000e+00
        259     32.250      0.971    13.7977    39.0608      0.000    -0.4620  46.034792  0.000e+00
        260     32.375      0.971    13.7887    37.0962      0.000    -0.4620  43.957371  0.000e+00
        261     32.500      0.875    13.7877    36.8278      0.000    -0.4620  43.672403  0.000e+00
        262     32.625      0.875    13.7896    38.7217      0.000    -0.4620  45.670462  0.000e+00
        263     32.750      0.971    13.7943    38.6055      0.000    -0.4620  45.553433  0.000e+00
        264     32.875      0.875    13.7967    38.5207      0.000    -0.4620  45.466821  0.000e+00
        265     33.000      0.875    13.7980    38.4793      0.000    -0.4620  45.424703  0.000e+00
        266     33.125      0.875    13.7974    38.6136      0.000    -0.4620  45.565165  0.000e+00
        267     33.250      0.875    13.7902    38.8367      0.000    -0.4620  45.791715  0.000e+00
        268     33.375      0.971    13.7833    38.8761      0.000    -0.4620  45.825739  0.000e+00
        269     33.500      0.971    13.7788    38.9621      0.000    -0.4620  45.911116  0.000e+00
        270     33.625      0.971    13.7758    39.0718      0.000    -0.4620  46.022883  0.000e+00
        271     33.750      0.971    13.7752    39.1138      0.000    -0.4620  46.066241  0.000e+00
        272     33.875      1.067    13.7889    39.0851      0.000    -0.4620  46.050884  0.000e+00
        273     34.000      0.971    13.8044    39.0191      0.000    -0.4620  45.998281  0.000e+00
        274     34.125      0.971    13.8081    38.9752      0.000    -0.4620  45.956261  0.000e+00
        275     34.250      0.971    13.8005    38.9543      0.000    -0.4620  45.926078  0.000e+00
        276     34.375      0.971    13.8005    38.9323      0.000    -0.4620  45.903058  0.000e+00
        277     34.500      0.971    13.8130    38.8991      0.000    -0.4620  45.881595  0.000e+00
        278     34.625      0.971    13.8180    38.8803      0.000    -0.4620  45.867289  0.000e+00
        279     34.750      0.875    13.8171    38.8686      0.000    -0.4620  45.853926  0.000e+00
        280     34.875      0.875    13.8068    38.8504      0.000    -0.4620  45.823816  0.000e+00
        281     35.000      0.875    13.7984    38.7735      0.000    -0.4620  45.734109  0.000e+00
        282     35.125      0.875    13.7924    38.7085      0.000    -0.4620  45.659531  0.000e+00
        283     35.250      0.875    13.7868    38.6594      0.000    -0.4620  45.602005  0.000e+00
        284     35.375      0.875    13.7840    38.6186      0.000    -0.4620  45.556204  0.000e+00
        285     35.500      0.875    13.7818    38.5745      0.000    -0.4620  45.507493  0.000e+00
        286     35.625      0.875    13.7808    38.5250      0.000    -0.4620  45.454573  0.000e+00
        287     35.750      0.875    13.7799    38.5196      0.000    -0.4620  45.447858  0.000e+00
        288     35.875      0.875    13.7791    38.6679      0.000    -0.4620  45.602740  0.000e+00
        289     36.000      0.971    13.7780    38.8709      0.000    -0.4620  45.814629  0.000e+00
        290     36.125      0.971    13.7769    38.9622      0.000    -0.4620  45.909195  0.000e+00
        291     36.250      0.971    13.7758    38.9418      0.000    -0.4620  45.886587  0.000e+00
        292     36.375      0.971    13.7758    38.9389      0.000    -0.4620  45.883522  0.000e+00
        293     36.500      0.971    13.7801    38.9177      0.000    -0.4620  45.865905  0.000e+00
        294     36.625      0.971    13.7838    38.8497      0.000    -0.4620  45.798577  0.000e+00
        295     36.750      0.971    13.7844    38.7811      0.000    -0.4620  45.727214  0.000e+00
        296     36.875      0.971    13.7829    38.7394      0.000    -0.4620  45.681884  0.000e+00
        297     37.000      0.971    13.7818    38.6836      0.000    -0.4620  45.622143  0.000e+00
        298     37.125      0.875    13.7812    38.5476      0.000    -0.4620  45.478627  0.000e+00
        299     37.250      0.875    13.7823    38.4435      0.000    -0.4620  45.370529  0.000e+00
        300     37.375      0.875    13.7834    38.3837      0.000    -0.4620  45.308865  0.000e+00
        301     37.500      0.875    13.7840    38.3598      0.000    -0.4620  45.284323  0.000e+00
        302     37.625      0.875    13.7837    38.3515      0.000    -0.4620  45.275264  0.000e+00
        303     37.750      0.875    13.7829    38.3681      0.000    -0.4620  45.291880  0.000e+00
        304     37.875      0.875    13.7825    38.5285      0.000    -0.4620  45.460026  0.000e+00
        305     38.000      0.875    13.7812    38.6220      0.000    -0.4620  45.556816  0.000e+00
        306     38.125      0.875    13.7784    38.6420      0.000    -0.4620  45.574865  0.000e+00
        307     38.250      0.971    13.7761    38.6897      0.000    -0.4620  45.622511  0.000e+00
        308     38.375      0.875    13.7756    38.7472      0.000    -0.4620  45.682252  0.000e+00
        309     38.500      0.971    13.7760    38.7758      0.000    -0.4620  45.712729  0.000e+00
        310     38.625      0.971    13.7913    38.7624      0.000    -0.4620  45.715012  0.000e+00
        311     38.750      0.971    13.8087    38.7040      0.000    -0.4620  45.672132  0.000e+00
        312     38.875      0.971    13.8070    38.6610      0.000    -0.4620  45.625156  0.000e+00
        313     39.000      0.971    13.7984    38.6208      0.000    -0.4620  45.573885  0.000e+00
        314     39.125      0.971    13.7937    38.5428      0.000    -0.4620  45.486971  0.000e+00
        315     39.250      0.875    13.7915    38.5137      0.000    -0.4620  45.453920  0.000e+00
        316     39.375      0.875    13.7895    38.4634      0.000    -0.4620  45.398955  0.000e+00
        317     39.500      0.971    13.7883    38.4278      0.000    -0.4620  45.360323  0.000e+00
        318     39.625      0.875    13.7862    38.4018      0.000    -0.4620  45.330810  0.000e+00
        319     39.750      0.875    13.7867    38.4198      0.000    -0.4620  45.350200  0.000e+00
        320     39.875      0.875    13.7859    38.5956      0.000    -0.4620  45.534085  0.000e+00
