docs/data/sbe25.cnv
* Sea-Bird SBE25 Data File:
* FileName = C:\Documents and Settings\maribel\Escritorio\PUDEM\CTD\Pudem\Data\Cast SBE-25 Pudem 171\PU171000.hex
* Software Version 1.59
* Temperature SN = 031485
* Conductivity SN = 041189
* System UpLoad Time = Mar 18 2019 10:37:17
** ITXASBIDE
** PUDEM 171
** NINA
** 1.5
** 41 20.121
** 02 16.168
** 80
** 9:29
# nquan = 9
# nvalues = 13660                                 
# units = specified
# name 0 = scan: Scan Count
# name 1 = timeS: Time, Elapsed [seconds]
# name 2 = prSM: Pressure, Strain Gauge [db]
# name 3 = t090C: Temperature [ITS-90, deg C]
# name 4 = sal00: Salinity, Practical [PSU]
# name 5 = seaTurbMtr: OBS, Seapoint Turbidity [FTU]
# name 6 = wetStar: Fluorescence, Wetlab Wetstar [mg/m^3]
# name 7 = c0mS/cm: Conductivity [mS/cm]
# name 8 = flag:  0.000e+00
# span 0 =          1,      13660                 
# span 1 =      0.000,   1707.375                 
# span 2 =     -0.084,     79.507                 
# span 3 =    13.2769,    15.2674                 
# span 4 =     0.0000,    39.6283                 
# span 5 =      0.000,     24.042                 
# span 6 =    -0.4620,    29.1424                 
# span 7 =  -0.000434,  46.592883                 
# span 8 = 0.0000e+00, 0.0000e+00                 
# interval = seconds: 0.125
# start_time = Mar 15 2019 08:26:35
# bad_flag = -9.990e-29
*END*
[from data line 321]
        322     40.125      0.875    13.7791    38.7618      0.000    -0.4620  45.701303  0.000e+00
        323     40.250      0.875    13.7765    38.7623      0.000    -0.4620  45.699019  0.000e+00
        324     40.375      0.875    13.7756    38.7519      0.000    -0.4620  45.687188  0.000e+00
        325     40.500      0.875    13.7750    38.6923      0.000    -0.4620  45.624060  0.000e+00
        326     40.625      0.875    13.7754    38.0813      0.000    -0.4620  44.982337  0.000e+00
        327     40.750      0.875    13.7752    38.0244      0.000    -0.4620  44.922296  0.000e+00
        328     40.875      0.971    13.7754    38.5806      0.000    -0.4620  45.507168  0.000e+00
        329     41.000      0.875    13.7758    38.5346      0.000    -0.4620  45.459253  0.000e+00
        330     41.125      0.875    13.7754    38.4970      0.000    -0.4620  45.419418  0.000e+00
        331     41.250      0.875    13.7769    38.4963      0.000    -0.4620  45.420190  0.000e+00
        332     41.375      0.875    13.7758    38.5237      0.000    -0.4620  45.447859  0.000e+00
        333     41.500      0.875    13.7760    38.5709      0.000    -0.4620  45.497599  0.000e+00
        334     41.625      0.875    13.7750    38.6066      0.000    -0.4620  45.534127  0.000e+00
        335     41.750      0.875    13.7748    38.6105      0.000    -0.4620  45.537915  0.000e+00
        336     41.875      0.875    13.7750    38.5646      0.000    -0.4620  45.490027  0.000e+00
        337     42.000      0.875    13.7750    38.4902      0.000    -0.4620  45.411810  0.000e+00
        338     42.125      0.971    13.7748    38.4590      0.000    -0.4620  45.378866  0.000e+00
        339     42.250      0.875    13.7745    38.3647      0.000    -0.4620  45.279409  0.000e+00
        340     42.375      0.875    13.7744    38.1297      0.000    -0.4620  45.032327  0.000e+00
        341     42.500      0.875    13.7747    38.3649      0.000    -0.4620  45.279775  0.000e+00
        342     42.625      0.875    13.7743    38.3530      0.000    -0.4620  45.266939  0.000e+00
        343     42.750      0.875    13.7743    38.3563      0.000    -0.4620  45.270351  0.000e+00
        344     42.875      0.875    13.7737    38.3957      0.000    -0.4620  45.311142  0.000e+00
        345     43.000      0.875    13.7735    38.4776      0.000    -0.4620  45.397045  0.000e+00
        346     43.125      0.875    13.7737    38.5359      0.000    -0.4620  45.458481  0.000e+00
        347     43.250      0.875    13.7741    38.5493      0.000    -0.4620  45.472929  0.000e+00
        348     43.375      0.875    13.7741    38.5506      0.000    -0.4620  45.474232  0.000e+00
        349     43.500      0.875    13.7743    38.5354      0.000    -0.4620  45.458480  0.000e+00
        350     43.625      0.875    13.7746    38.5018      0.000    -0.4620  45.423567  0.000e+00
        351     43.750      0.875    13.7748    38.4760      0.000    -0.4620  45.396679  0.000e+00
        352     43.875      0.875    13.7743    38.4502      0.000    -0.4620  45.369026  0.000e+00
        353     44.000      0.875    13.7752    38.4438      0.000    -0.4620  45.363333  0.000e+00
        354     44.125      0.875    13.7748    38.4457      0.000    -0.4620  45.364838  0.000e+00
        355     44.250      0.875    13.7752    38.4511      0.000    -0.4620  45.370896  0.000e+00
        356     44.375      0.875    13.7756    38.4590      0.000    -0.4620  45.379639  0.000e+00
        357     44.500      0.875    13.7748    38.4471      0.000    -0.4620  45.366383  0.000e+00
        358     44.625      0.875    13.7747    38.4185      0.000    -0.4620  45.336136  0.000e+00
        359     44.750      0.875    13.7752    38.3898      0.000    -0.4620  45.306590  0.000e+00
        360     44.875      0.875    13.7747    38.3552      0.000    -0.4620  45.269579  0.000e+00
        361     45.000      0.875    13.7747    38.3376      0.000    -0.4620  45.251099  0.000e+00
        362     45.125      0.875    13.7744    38.3206      0.000    -0.4620  45.233069  0.000e+00
        363     45.250      0.875    13.7747    38.3118      0.000    -0.4620  45.223974  0.000e+00
        364     45.375      0.875    13.7748    38.3087      0.000    -0.4620  45.220929  0.000e+00
        365     45.500      0.875    13.7745    38.3460      0.000    -0.4620  45.259790  0.000e+00
        366     45.625      0.875    13.7745    38.4429      0.000    -0.4620  45.361585  0.000e+00
        367     45.750      0.875    13.7737    38.4955      0.000    -0.4620  45.416001  0.000e+00
        368     45.875      0.875    13.7739    38.5339      0.000    -0.4620  45.456608  0.000e+00
        369     46.000      0.875    13.7731    38.5340      0.000    -0.4620  45.455835  0.000e+00
        370     46.125      0.875    13.7735    38.5394      0.000    -0.4620  45.461899  0.000e+00
        371     46.250      0.971    13.7737    38.5431      0.000    -0.4620  45.466092  0.000e+00
        372     46.375      0.875    13.7769    38.5342      0.000    -0.4620  45.460027  0.000e+00
        373     46.500      0.875    13.7799    38.4943      0.000    -0.4620  45.421288  0.000e+00
        374     46.625      0.875    13.7803    38.4788      0.000    -0.4620  45.405383  0.000e+00
        375     46.750      0.875    13.7797    38.4627      0.000    -0.4620  45.387934  0.000e+00
        376     46.875      0.875    13.7782    38.4246      0.000    -0.4620  45.346298  0.000e+00
        377     47.000      0.875    13.7775    38.3718      0.000    -0.4620  45.289972  0.000e+00
        378     47.125      0.875    13.7747    38.3384      0.000    -0.4620  45.251992  0.000e+00
        379     47.250      0.875    13.7750    38.3143      0.000    -0.4620  45.226978  0.000e+00
        380     47.375      0.875    13.7739    38.3144      0.000    -0.4620  45.225882  0.000e+00
        381     47.500      0.875    13.7747    38.3958      0.000    -0.4620  45.312239  0.000e+00
        382     47.625      0.971    13.7741    38.4234      0.000    -0.4620  45.340649  0.000e+00
        383     47.750      0.875    13.7748    38.4666      0.000    -0.4620  45.386837  0.000e+00
        384     47.875      0.875    13.7743    38.4964      0.000    -0.4620  45.417506  0.000e+00
        385     48.000      0.971    13.7754    38.5006      0.000    -0.4620  45.423202  0.000e+00
        386     48.125      0.971    13.7810    38.4985      0.000    -0.4620  45.426984  0.000e+00
        387     48.250      0.971    13.7896    38.4549      0.000    -0.4620  45.390211  0.000e+00
        388     48.375      0.875    13.7970    38.4309      0.000    -0.4620  45.372804  0.000e+00
        389     48.500      0.971    13.8024    38.4065      0.000    -0.4620  45.352881  0.000e+00
        390     48.625      0.875    13.7966    38.3482      0.000    -0.4620  45.285459  0.000e+00
        391     48.750      0.875    13.7968    38.2341      0.000    -0.4620  45.165564  0.000e+00
        392     48.875      0.779    13.7887    38.2383      0.000    -0.4620  45.161426  0.000e+00
        393     49.000      0.779    13.7833    38.0974      0.000    -0.4620  45.007449  0.000e+00
        394     49.125      0.779    13.7799    38.2699      0.000    -0.4620  45.185410  0.000e+00
        395     49.250      0.779    13.7782    38.2964      0.000    -0.4620  45.211469  0.000e+00
        396     49.375      0.779    13.7778    38.3280      0.000    -0.4620  45.244316  0.000e+00
        397     49.500      0.875    13.7767    38.3592      0.000    -0.4620  45.275997  0.000e+00
        398     49.625      0.875    13.7765    38.3465      0.000    -0.4620  45.262430  0.000e+00
        399     49.750      0.875    13.7754    38.4462      0.000    -0.4620  45.365976  0.000e+00
        400     49.875      0.971    13.7767    38.5007      0.000    -0.4620  45.424707  0.000e+00
        401     50.000      0.875    13.7793    38.5491      0.000    -0.4620  45.478220  0.000e+00
        402     50.125      0.875    13.7867    38.5581      0.000    -0.4620  45.495440  0.000e+00
        403     50.250      0.875    13.7963    38.5138      0.000    -0.4620  45.459250  0.000e+00
        404     50.375      0.875    13.7997    38.4650      0.000    -0.4620  45.411441  0.000e+00
        405     50.500      0.875    13.7883    38.4004      0.000    -0.4620  45.331541  0.000e+00
        406     50.625      0.875    13.7831    38.3507      0.000    -0.4620  45.273762  0.000e+00
        407     50.750      0.875    13.7808    38.3447      0.000    -0.4620  45.265069  0.000e+00
